school
200
1236745732
1226137606
262729222
494904839
722797577
1234666505
1207221767
26124294
1243865101
1241255431
1106704398
410118161
410163218
699017234
914277396
1154331670
485877270
1236703769
914277402
211387931
210606624
1207261217
1229497891
1226138150
288201255
242553385
26270761
699018286
494857775
1202331186
698805811
1106704437
367588405
512516661
1215919674
1234664510
1239706687
699017283
262732360
722797642
699018315
1207221846
1156874328
1234664542
1207221859
669630564
1229514340
232368229
226223717
1239706728
365409894
365405805
1243093615
410070642
1290763895
1310097015
1343025785
1236745851
1225632891
1194015359
1215966849
232364166
1310097030
241936520
1235091593
518783633
913324693
913256088
1226136220
1194015390
215751330
494856868
1244209828
699016871
226239143
354972841
1229498026
1227805355
775308459
242168493
939127473
494892722
1227805361
1235091636
226540215
1202331127
355733700
354970309
913324742
674001606
354970313
699016906
1300547786
1235389134
1343035088
1235389136
1234594519
303185115
679754461
502400745
357586670
1235346160
house
945709670
913256551
410070632
546357351
1290763878
1236401771
242999918
494858863
1250119281
26267250
365405815
1250119289
515108480
1235091586
1089043079
1219271817
1243012746
242110090
512536299
1154331884
699017453
1236745967
1236196592
319277299
213790964
1305967865
26267385
1214767356
275952381
515107068
1237138175
1235389186
480404228
242639109
354969862
1236745989
1142066953
1239273739
26131724
1234641676
242110222
485876494
365411602
26267411
213721881
25267993
485965600
1235346208
253475106
1236401955
226209063
224575272
697309995
1234666286
1109164853
242649909
913256762
213721926
482712903
494858569
1089046859
1143811918
229117263
1243363152
913255760
490809167
1234667352
1234641759
1205623141
494858598
262729214
649742183
1154332009
494856555
1283045233
1244220276
512545141
263372148
1234666359
502400891
512515964
1207257988
1202330502
1214767494
235529608
1207166345
1202331535
490893712
1109164437
1202330518
1207166358
1229497753
262732189
1234641827
26270634
1109164972
1243859889
305776562
275977140
1282849205
343674295
1107639223
367585721
208913339
263372219
269593535
1202330561
494858178
488558017
485876168
1225451986
1234840024
26261978
1237265372
1243853278
1234624478
494892513
26124258
1235802084
1239338981
1202330597
1236401636
1234630632
410196971
367603691
241936880
263370736
1215966707
502401011
242649075
1225520629
26270712
305776635
211298814
689391615