school
403628172
1272158093
457553806
701089656
1110673687
404737176
1271616029
1110673693
503706274
1271574693
719014070
1330250169
1271574715
458580283
100168767
503706176
464755779
1274924408
503706317
482743765
1280615257
689479800
1315892705
100174570
26058730
1330648429
390064495
385013745
1271611635
1052276600
1271612669
1280631294
house
998240512
503706240
26020356
534789258
26020490
1327589130
1052277264
624265235
1271616022
1237293081
464757289
1167473321
1330250414
410351793
100165429
1110673720
1131574723
624265161
100168394
100168779
998240218
1315892701
1330638819
391277672
457553771
384987373
1330648430
701169137
1131574900
1271612666
100168443
624265213
26018671
385013746
503706233
998195195
1052277374