school
1309535306
250643020
738186831
234655318
1269976663
1262598233
1106665049
249413721
566497372
1341735517
206155871
1308382819
1299941988
1106663013
259428347
738186857
1108960876
251837040
1268333169
1126015089
1266165368
249415291
house
247448757
1340461753
716116664
1330356417
738166982
253269708
246782670
720188696
115530011
1309535516
1108961053
250717470
248534816
140650785
1340461346
195739936
253108009
719489324
1299429678
724871985
432591668
747859255
1326933306
1265221436
714400061
812716862
248576319
1336627008
115504965
1126117703
223941961
1108882763
743390539
251774287
100247890
248641875
1267980629
250736981
1279674712
1267897688
250638174
1108882782
198440289
1263931236
1108882277
224917862
724402532
148174696
259446120
181496691
867504501
148951925
253269878
251615096
185519477
181496699
1107523969
729920385
1267897731
1280746376
248700808
867504530
1264458130
1280746389
1343596956
954702757
729328550
185887666
1263931827
1106663860
384860087
206161338
1326933435
711247807
1299429824
1340461504
566484417
148179908
761253319
730147784
1262598089
251032009
729351117
1280456659