school
1109164801
1238420359
1249745433
1249745693
1286223651
1249745577
1338726443
1337026604
1246640947
385747128
1338726331
1242512331
1241380427
1249745486
1241380435
1241374677
1252224604
1229010141
1242512484
1051964398
1286223599
1229010160
1207585532
house
1337026690
1337026312
1249745289
1338672009
1338688271
1241362711
1338672025
1338726425
1241362716
1338726304
1238420391
1251283114
1241362612
1051964213
1241362490
1249745339
1052047944
1051964105
1337026262
1241362679
1286223608
1241362682
1251283197
1238420401
1241362613
26130616
1249745344
1338688455
1251282900
1251283157
1229010134
1252224471
1252224729
367602533
1338688236
1338671984
1338672250