8
amenity=school
school
436639237
1205022737
801924131
1204992391
1160030599
1128697743
500918682
1207060380
277374364
702048160
319309729
26122730
501766647
292782584
house
1316579840
436639237
279907335
1234721292
292621853
26122783
292716064
292716066
1225463844
292716077
1204987955
264119351
293055550
295232578
292716114
292622427
1204988010
1234721388
1187958389
295232638
1235206272
447549075
1031697558
278724765
447565470
278724777
1214152876
264117421
292598962
447549109
445067459
1147943110
450324171
295232715
1194803404
1298385102
345292495
264117452
1235217617
1235226357
500143865
278485772
1204960532
292622112
500774699
500335409
292782900
1104540468
277374262
703267129
292959060
263571798
292258137
648996185
293054299
445028194
288193901
277374318
295365997
269567856
277374320
1160030578
500424052
292959095
1204992376
1204992381
445028223
770666368
1207060368
293561757
292970910
292621729
277374375
444063150
1235787195
292782525
1204992451
1207065550
293561810
1235787221