school
112664226
920226215
413696424
1222473641
1185191978
1318762283
1076804813
1253610706
1318768853
1326182358
473183447
1325748184
1076804830
1327542114
314542563
1126295930
1183709435
488593406
house
1318766724
1318770041
276939789
1321499662
112664206
1027838477
1027838354
1318771219
276936853
112664214
1251033238
1318768794
1222473627
449822875
276942111
1126327199
1214165409
1214165282
444041632
1126327248
276928722
276938067
276929233
276928853
413696086
663859671
1213521754
1214165239
276928732
276928737
1198934883
1213521764